

[ 13.535534, 13.535534, 0.0 ]
[ 17.071068, 17.071068, 0.0 ]
[ 20.606602, 20.606602, 0.0 ]
[ 24.142136, 24.142136, 0.0 ]
[ 27.67767, 27.67767, 0.0 ]
[ 31.213203, 31.213203, 0.0 ]
[ 34.748737, 34.748737, 0.0 ]
[ 38.28427, 38.28427, 0.0 ]
[ 41.819805, 41.819805, 0.0 ]
[ 45.35534, 45.35534, 0.0 ]
[ 48.890873, 48.890873, 0.0 ]
[ 52.426407, 52.426407, 0.0 ]
[ 55.96194, 55.96194, 0.0 ]
[ 59.497475, 59.497475, 0.0 ]
[ 63.03301, 63.03301, 0.0 ]
[ 66.56854, 66.56854, 0.0 ]
[ 70.10408, 70.10408, 0.0 ]
[ 73.63962, 73.63962, 0.0 ]
[ 77.175156, 77.175156, 0.0 ]
[ 80.71069, 80.71069, 0.0 ]
[ 84.24623, 84.24623, 0.0 ]
[ 87.78177, 87.78177, 0.0 ]
[ 91.31731, 91.31731, 0.0 ]
[ 94.852844, 94.852844, 0.0 ]
[ 98.38838, 98.38838, 0.0 ]
[ 101.92392, 101.92392, 0.0 ]
[ 105.45946, 105.45946, 0.0 ]
[ 108.994995, 108.994995, 0.0 ]
[ 112.53053, 112.53053, 0.0 ]
[ 116.06607, 116.06607, 0.0 ]
[ 119.60161, 119.60161, 0.0 ]
[ 123.137146, 123.137146, 0.0 ]
[ 126.67268, 126.67268, 0.0 ]
[ 130.20822, 130.20822, 0.0 ]
[ 133.74376, 133.74376, 0.0 ]
[ 137.2793, 137.2793, 0.0 ]
[ 140.81483, 140.81483, 0.0 ]
[ 144.35037, 144.35037, 0.0 ]
[ 147.88591, 147.88591, 0.0 ]
[ 151.36043, 151.48143, 0.0 ]
[ 154.12427, 155.6481, 0.0 ]
[ 156.8335, 159.8505, 0.0 ]
[ 159.48438, 164.08994, 0.0 ]
[ 162.0728, 168.36778, 0.0 ]
[ 164.59485, 172.6851, 0.0 ]
[ 167.04727, 177.04234, 0.0 ]
[ 169.42703, 181.4397, 0.0 ]
[ 171.73161, 185.87692, 0.0 ]
[ 173.96107, 190.35236, 0.0 ]
[ 176.11479, 194.86473, 0.0 ]
[ 178.19601, 199.411, 0.0 ]
[ 180.20763, 203.98848, 0.0 ]
[ 182.15549, 208.59346, 0.0 ]
[ 184.04588, 213.22232, 0.0 ]
[ 185.88739, 217.87085, 0.0 ]
[ 187.68869, 222.53511, 0.0 ]
[ 189.45973, 227.21094, 0.0 ]
[ 191.21075, 231.8943, 0.0 ]
[ 192.9521, 236.58127, 0.0 ]
[ 194.69205, 241.26877, 0.0 ]
[ 197.18193, 245.60472, 0.0 ]
[ 199.70554, 249.92113, 0.0 ]
[ 202.2761, 254.20975, 0.0 ]
[ 204.90689, 258.46167, 0.0 ]
[ 207.60838, 262.66904, 0.0 ]
[ 210.3908, 266.82333, 0.0 ]
[ 213.26326, 270.9159, 0.0 ]
[ 216.23279, 274.93857, 0.0 ]
[ 219.3048, 278.88354, 0.0 ]
[ 222.4819, 282.74435, 0.0 ]
[ 225.76488, 286.51556, 0.0 ]
[ 229.15219, 290.19336, 0.0 ]
[ 232.64032, 293.77567, 0.0 ]
[ 236.22371, 297.2627, 0.0 ]
[ 239.89464, 300.65744, 0.0 ]
[ 243.64436, 303.96494, 0.0 ]
[ 247.46317, 307.19244, 0.0 ]
[ 251.3414, 310.34827, 0.0 ]
[ 255.26947, 313.44186, 0.0 ]
[ 259.23825, 316.48303, 0.0 ]
[ 263.2392, 319.48175, 0.0 ]
[ 267.26462, 322.44754, 0.0 ]
[ 271.3081, 325.38867, 0.0 ]
[ 275.36362, 328.3132, 0.0 ]
[ 279.42612, 331.228, 0.0 ]
[ 283.49142, 334.13885, 0.0 ]
[ 287.55624, 337.0504, 0.0 ]
[ 291.6176, 339.96677, 0.0 ]
[ 295.67334, 342.891, 0.0 ]
[ 299.72147, 345.8257, 0.0 ]
[ 303.76056, 348.7729, 0.0 ]
[ 307.78955, 351.73386, 0.0 ]
[ 311.8076, 354.70966, 0.0 ]
[ 315.81412, 357.70096, 0.0 ]
[ 319.80893, 360.70786, 0.0 ]
[ 324.3025, 362.90054, 0.0 ]
[ 329.07242, 364.39978, 0.0 ]
[ 333.83472, 365.92307, 0.0 ]
[ 338.5915, 367.46356, 0.0 ]
[ 343.34512, 369.01373, 0.0 ]
[ 348.09753, 370.56766, 0.0 ]
[ 352.8508, 372.1189, 0.0 ]
[ 357.6068, 373.66174, 0.0 ]
[ 362.29456, 375.40103, 0.0 ]
[ 366.6746, 377.8125, 0.0 ]
[ 371.1018, 380.13626, 0.0 ]
[ 375.57635, 382.3675, 0.0 ]
[ 380.09775, 384.5022, 0.0 ]
[ 384.66428, 386.53857, 0.0 ]
[ 389.27316, 388.47717, 0.0 ]
[ 393.9209, 390.3207, 0.0 ]
[ 398.60297, 392.07516, 0.0 ]
[ 403.31454, 393.7488, 0.0 ]
[ 408.05035, 395.35263, 0.0 ]
[ 412.8048, 396.90027, 0.0 ]
[ 417.57294, 398.40524, 0.0 ]
[ 422.34982, 399.8822, 0.0 ]
[ 427.13086, 401.34567, 0.0 ]
[ 431.91187, 402.8092, 0.0 ]
[ 436.68887, 404.2857, 0.0 ]
[ 441.4584, 405.78625, 0.0 ]
[ 446.21695, 407.32126, 0.0 ]
[ 450.96155, 408.89883, 0.0 ]
[ 455.68942, 410.52582, 0.0 ]
[ 460.39795, 412.208, 0.0 ]
[ 465.08496, 413.94928, 0.0 ]
[ 469.7481, 415.75345, 0.0 ]
[ 474.38556, 417.6227, 0.0 ]
[ 478.9958, 419.55814, 0.0 ]
[ 483.57727, 421.56067, 0.0 ]
[ 488.12885, 423.63025, 0.0 ]
[ 492.6495, 425.76654, 0.0 ]
[ 497.1384, 427.9688, 0.0 ]
[ 501.59497, 430.23575, 0.0 ]
[ 506.0187, 432.5661, 0.0 ]
[ 510.4094, 434.95816, 0.0 ]
[ 514.7667, 437.41043, 0.0 ]
[ 519.0909, 439.92078, 0.0 ]
[ 523.3818, 442.48752, 0.0 ]
[ 527.6397, 445.1086, 0.0 ]
[ 531.8649, 447.7821, 0.0 ]
[ 536.0579, 450.50586, 0.0 ]
[ 540.219, 453.27817, 0.0 ]
[ 544.3487, 456.097, 0.0 ]
[ 548.4476, 458.96042, 0.0 ]
[ 552.1176, 462.35614, 0.0 ]
[ 555.71344, 465.83035, 0.0 ]
[ 559.04, 469.56317, 0.0 ]
[ 561.0214, 474.1538, 0.0 ]
[ 562.94574, 478.76868, 0.0 ]
[ 564.81287, 483.40698, 0.0 ]
[ 566.62445, 488.06726, 0.0 ]
[ 568.3826, 492.74792, 0.0 ]
[ 570.09076, 497.44708, 0.0 ]
[ 571.7537, 502.1624, 0.0 ]
[ 573.3766, 506.89172, 0.0 ]
[ 574.96515, 511.63266, 0.0 ]
[ 576.5262, 516.38275, 0.0 ]
[ 578.067, 521.1394, 0.0 ]
[ 579.5951, 525.90015, 0.0 ]
[ 581.118, 530.6626, 0.0 ]
[ 582.643, 535.4244, 0.0 ]
[ 584.1771, 540.1832, 0.0 ]
[ 585.8328, 544.9011, 0.0 ]
[ 587.9411, 549.43494, 0.0 ]
[ 590.10504, 553.9424, 0.0 ]
[ 592.3356, 558.4173, 0.0 ]
[ 594.64404, 562.8525, 0.0 ]
[ 597.04083, 567.2406, 0.0 ]
[ 599.5357, 571.57367, 0.0 ]
[ 602.1382, 575.843, 0.0 ]
[ 604.8561, 580.0398, 0.0 ]
[ 607.69745, 584.154, 0.0 ]
[ 610.66754, 588.1763, 0.0 ]
[ 613.7701, 592.0972, 0.0 ]
[ 617.00574, 595.9091, 0.0 ]
[ 620.3725, 599.6057, 0.0 ]
[ 623.8646, 603.18414, 0.0 ]
[ 627.47394, 606.64435, 0.0 ]
[ 631.18884, 609.9909, 0.0 ]
[ 634.99567, 613.23254, 0.0 ]
[ 638.8801, 616.38074, 0.0 ]
[ 642.8272, 619.45, 0.0 ]
[ 646.8228, 622.4559, 0.0 ]
[ 650.85364, 625.4143, 0.0 ]
[ 654.908, 628.3404, 0.0 ]
[ 658.9758, 631.2478, 0.0 ]
[ 663.04846, 634.1484, 0.0 ]
[ 667.11865, 637.0525, 0.0 ]
[ 671.18066, 639.968, 0.0 ]
[ 675.22955, 642.9017, 0.0 ]
[ 679.26166, 645.8584, 0.0 ]
[ 683.27405, 648.8418, 0.0 ]
[ 687.2647, 651.8542, 0.0 ]
[ 691.23193, 654.89746, 0.0 ]
[ 695.1746, 657.97235, 0.0 ]
[ 699.0922, 661.0792, 0.0 ]
[ 703.52246, 663.3972, 0.0 ]
[ 707.9053, 665.8037, 0.0 ]
[ 712.2416, 668.29297, 0.0 ]
[ 716.53235, 670.8599, 0.0 ]
[ 720.7786, 673.4998, 0.0 ]
[ 724.98157, 676.2081, 0.0 ]
[ 729.1423, 678.9809, 0.0 ]
[ 733.26196, 681.81433, 0.0 ]
[ 737.3419, 684.70465, 0.0 ]
[ 741.3832, 687.64886, 0.0 ]
[ 745.387, 690.64374, 0.0 ]
[ 749.3545, 693.68665, 0.0 ]
[ 753.2868, 696.77484, 0.0 ]
[ 757.185, 699.906, 0.0 ]
[ 761.05023, 703.07776, 0.0 ]
[ 764.18506, 706.973, 0.0 ]
[ 767.31976, 710.86835, 0.0 ]
[ 770.4545, 714.7637, 0.0 ]
[ 773.58923, 718.659, 0.0 ]
[ 776.72394, 722.5543, 0.0 ]
[ 779.8587, 726.44965, 0.0 ]
[ 782.99347, 730.345, 0.0 ]
[ 786.1283, 734.24023, 0.0 ]
[ 789.26306, 738.13556, 0.0 ]
[ 792.3978, 742.0308, 0.0 ]
[ 795.5326, 745.92615, 0.0 ]
[ 798.66736, 749.8215, 0.0 ]
[ 801.8021, 753.7168, 0.0 ]
[ 804.9368, 757.6121, 0.0 ]
[ 808.07166, 761.5074, 0.0 ]
[ 811.2064, 765.40265, 0.0 ]
[ 814.3412, 769.2979, 0.0 ]
[ 817.476, 773.1931, 0.0 ]